"UP 2210"
"Version"	"1.64"	"1.62"
"Serialnumber:"	25003817
"Main comment"	"Measure 1"
"Start:"	"2008-07-01"	"15:45:00"
"End:"	"2008-07-04"	"13:31:17"
"Storage interval:"	"0:10:00"



"Channel/Method"	"Comment"	"Range"	"Min"	"Max"
"Pst1  [] Flicker Pst"	""	""	0,163000	2,541000
"Pst2  [] Flicker Pst"	""	""	0,153000	3,103000
"Pst3  [] Flicker Pst"	""	""	0,144000	4,028000




Date	Time	"Pst1  []"	"Pst2  []"	"Pst3  []"	
"2008-07-01"	"15:55:00"	0,473	0,529	0,476	
"2008-07-01"	"16:05:00"	0,387	0,372	0,356	
"2008-07-01"	"16:15:00"	0,287	0,252	0,246	
"2008-07-01"	"16:25:00"	0,407	0,399	0,387	
"2008-07-01"	"16:35:00"	0,497	0,362	0,389	
"2008-07-01"	"16:45:00"	0,532	0,346	0,403	
"2008-07-01"	"16:55:00"	0,379	0,291	0,319	
"2008-07-01"	"17:05:00"	0,577	0,491	0,535	
"2008-07-01"	"17:15:00"	0,483	0,445	0,452	
"2008-07-01"	"17:25:00"	0,374	0,35	0,342	
"2008-07-01"	"17:35:00"	0,367	0,316	0,349	
"2008-07-01"	"17:45:00"	0,236	0,221	0,218	
"2008-07-01"	"17:55:00"	0,28	0,275	0,261	
"2008-07-01"	"18:05:00"	0,243	0,25	0,237	
"2008-07-01"	"18:15:00"	0,22	0,196	0,197	
"2008-07-01"	"18:25:00"	0,288	0,25	0,247	
"2008-07-01"	"18:35:00"	0,211	0,167	0,161	
"2008-07-01"	"18:45:00"	0,211	0,178	0,166	
"2008-07-01"	"18:55:00"	0,281	0,34	0,311	
"2008-07-01"	"19:05:00"	0,217	0,194	0,185	
"2008-07-01"	"19:15:00"	0,315	0,294	0,219	
"2008-07-01"	"19:25:00"	0,252	0,248	0,227	
"2008-07-01"	"19:35:00"	0,2	0,182	0,182	
"2008-07-01"	"19:45:00"	0,175	0,162	0,156	
"2008-07-01"	"19:55:00"	0,194	0,185	0,179	
"2008-07-01"	"20:05:00"	0,248	0,248	0,218	
"2008-07-01"	"20:15:00"	0,217	0,212	0,202	
"2008-07-01"	"20:25:00"	0,217	0,227	0,212	
"2008-07-01"	"20:35:00"	0,206	0,189	0,182	
"2008-07-01"	"20:45:00"	0,256	0,243	0,234	
"2008-07-01"	"20:55:00"	0,244	0,249	0,232	
"2008-07-01"	"21:05:00"	0,26	0,261	0,251	
"2008-07-01"	"21:15:00"	0,306	0,308	0,291	
"2008-07-01"	"21:25:00"	0,636	0,438	0,56	
"2008-07-01"	"21:35:00"	0,525	0,447	0,555	
"2008-07-01"	"21:45:00"	0,348	0,298	0,298	
"2008-07-01"	"21:55:00"	0,539	0,456	0,524	
"2008-07-01"	"22:05:00"	0,438	0,372	0,42	
"2008-07-01"	"22:15:00"	0,4	0,304	0,304	
"2008-07-01"	"22:25:00"	0,432	0,31	0,373	
"2008-07-01"	"22:35:00"	0,336	0,322	0,311	
"2008-07-01"	"22:45:00"	0,327	0,291	0,308	
"2008-07-01"	"22:55:00"	0,462	0,409	0,422	
"2008-07-01"	"23:05:00"	0,564	0,531	0,572	
"2008-07-01"	"23:15:00"	0,599	0,553	0,549	
"2008-07-01"	"23:25:00"	0,432	0,424	0,4	
"2008-07-01"	"23:35:00"	0,589	0,571	0,609	
"2008-07-01"	"23:45:00"	0,366	0,371	0,335	
"2008-07-01"	"23:55:00"	0,567	0,437	0,456	
"2008-07-02"	"00:05:00"	0,586	0,456	0,46	
"2008-07-02"	"00:15:00"	0,53	0,484	0,456	
"2008-07-02"	"00:25:00"	0,722	0,619	0,67	
"2008-07-02"	"00:35:00"	0,545	0,562	0,531	
"2008-07-02"	"00:45:00"	0,504	0,48	0,48	
"2008-07-02"	"00:55:00"	0,485	0,435	0,458	
"2008-07-02"	"01:05:00"	0,439	0,398	0,465	
"2008-07-02"	"01:15:00"	0,394	0,404	0,388	
"2008-07-02"	"01:25:00"	0,423	0,359	0,328	
"2008-07-02"	"01:35:00"	0,457	0,407	0,445	
"2008-07-02"	"01:45:00"	0,632	0,506	0,559	
"2008-07-02"	"01:55:00"	0,453	0,432	0,396	
"2008-07-02"	"02:05:00"	0,409	0,377	0,373	
"2008-07-02"	"02:15:00"	0,439	0,342	0,325	
"2008-07-02"	"02:25:00"	0,482	0,395	0,406	
"2008-07-02"	"02:35:00"	0,492	0,392	0,419	
"2008-07-02"	"02:45:00"	0,743	0,623	0,604	
"2008-07-02"	"02:55:00"	0,511	0,508	0,443	
"2008-07-02"	"03:05:00"	0,396	0,297	0,329	
"2008-07-02"	"03:15:00"	0,498	0,439	0,523	
"2008-07-02"	"03:25:00"	0,447	0,311	0,407	
"2008-07-02"	"03:35:00"	0,726	0,396	0,489	
"2008-07-02"	"03:45:00"	0,52	0,375	0,366	
"2008-07-02"	"03:55:00"	0,597	0,546	0,586	
"2008-07-02"	"04:05:00"	0,608	0,582	0,607	
"2008-07-02"	"04:15:00"	0,448	0,347	0,413	
"2008-07-02"	"04:25:00"	0,387	0,368	0,374	
"2008-07-02"	"04:35:00"	0,368	0,296	0,252	
"2008-07-02"	"04:45:00"	0,537	0,398	0,401	
"2008-07-02"	"04:55:00"	0,654	0,544	0,456	
"2008-07-02"	"05:05:00"	0,506	0,433	0,421	
"2008-07-02"	"05:15:00"	0,627	0,418	0,545	
"2008-07-02"	"05:25:00"	0,404	0,362	0,374	
"2008-07-02"	"05:35:00"	0,465	0,406	0,441	
"2008-07-02"	"05:45:00"	0,232	0,204	0,199	
"2008-07-02"	"05:55:00"	0,295	0,237	0,223	
"2008-07-02"	"06:05:00"	0,286	0,278	0,234	
"2008-07-02"	"06:15:00"	0,291	0,276	0,258	
"2008-07-02"	"06:25:00"	0,327	0,342	0,303	
"2008-07-02"	"06:35:00"	0,475	0,401	0,36	
"2008-07-02"	"06:45:00"	0,662	0,541	0,48	
"2008-07-02"	"06:55:00"	0,575	0,53	0,504	
"2008-07-02"	"07:05:00"	0,549	0,452	0,493	
"2008-07-02"	"07:15:00"	0,521	0,52	0,488	
"2008-07-02"	"07:25:00"	0,386	0,419	0,377	
"2008-07-02"	"07:35:00"	0,309	0,321	0,299	
"2008-07-02"	"07:45:00"	0,395	0,325	0,28	
"2008-07-02"	"07:55:00"	0,456	0,368	0,362	
"2008-07-02"	"08:05:00"	0,54	0,33	0,317	
"2008-07-02"	"08:15:00"	0,506	0,418	0,444	
"2008-07-02"	"08:25:00"	0,507	0,44	0,434	
"2008-07-02"	"08:35:00"	0,448	0,449	0,477	
"2008-07-02"	"08:45:00"	0,347	0,33	0,326	
"2008-07-02"	"08:55:00"	0,335	0,287	0,325	
"2008-07-02"	"09:05:00"	0,312	0,314	0,295	
"2008-07-02"	"09:15:00"	0,28	0,268	0,264	
"2008-07-02"	"09:25:00"	0,392	0,363	0,275	
"2008-07-02"	"09:35:00"	0,449	0,408	0,488	
"2008-07-02"	"09:45:00"	0,513	0,484	0,498	
"2008-07-02"	"09:55:00"	0,444	0,38	0,382	
"2008-07-02"	"10:05:00"	0,607	0,603	0,616	
"2008-07-02"	"10:15:00"	0,566	0,53	0,532	
"2008-07-02"	"10:25:00"	0,272	0,241	0,235	
"2008-07-02"	"10:35:00"	0,229	0,218	0,211	
"2008-07-02"	"10:45:00"	0,592	0,469	0,46	
"2008-07-02"	"10:55:00"	0,465	0,395	0,354	
"2008-07-02"	"11:05:00"	0,513	0,407	0,38	
"2008-07-02"	"11:15:00"	0,502	0,455	0,485	
"2008-07-02"	"11:25:00"	0,601	0,511	0,47	
"2008-07-02"	"11:35:00"	0,467	0,558	0,965	
"2008-07-02"	"11:45:00"	0,371	0,402	0,764	
"2008-07-02"	"11:55:00"	0,608	0,567	0,595	
"2008-07-02"	"12:05:00"	0,546	0,509	0,488	
"2008-07-02"	"12:15:00"	0,457	0,424	0,452	
"2008-07-02"	"12:25:00"	0,425	0,402	0,377	
"2008-07-02"	"12:35:00"	0,666	0,571	0,489	
"2008-07-02"	"12:45:00"	0,5	0,512	0,528	
"2008-07-02"	"12:55:00"	0,498	0,449	0,467	
"2008-07-02"	"13:05:00"	0,39	0,354	0,348	
"2008-07-02"	"13:15:00"	0,333	0,353	0,326	
"2008-07-02"	"13:25:00"	0,22	0,24	0,202	
"2008-07-02"	"13:35:00"	0,404	0,354	0,34	
"2008-07-02"	"13:45:00"	0,445	0,338	0,372	
"2008-07-02"	"13:55:00"	0,433	0,412	0,389	
"2008-07-02"	"14:05:00"	0,456	0,412	0,385	
"2008-07-02"	"14:15:00"	0,562	0,552	0,533	
"2008-07-02"	"14:25:00"	0,613	0,428	0,479	
"2008-07-02"	"14:35:00"	0,278	0,297	0,315	
"2008-07-02"	"14:45:00"	0,371	0,345	0,348	
"2008-07-02"	"14:55:00"	0,264	0,226	0,259	
"2008-07-02"	"15:05:00"	0,245	0,212	0,223	
"2008-07-02"	"15:15:00"	0,277	0,22	0,223	
"2008-07-02"	"15:25:00"	0,185	0,179	0,188	
"2008-07-02"	"15:35:00"	0,189	0,185	0,202	
"2008-07-02"	"15:45:00"	0,244	0,245	0,268	
"2008-07-02"	"15:55:00"	0,283	0,229	0,245	
"2008-07-02"	"16:05:00"	0,247	0,204	0,211	
"2008-07-02"	"16:15:00"	0,221	0,211	0,216	
"2008-07-02"	"16:25:00"	0,21	0,203	0,195	
"2008-07-02"	"16:35:00"	0,226	0,282	0,223	
"2008-07-02"	"16:45:00"	0,2	0,193	0,196	
"2008-07-02"	"16:55:00"	0,233	0,185	0,216	
"2008-07-02"	"17:05:00"	0,223	0,197	0,2	
"2008-07-02"	"17:15:00"	0,187	0,191	0,181	
"2008-07-02"	"17:25:00"	0,202	0,184	0,201	
"2008-07-02"	"17:35:00"	0,251	0,244	0,239	
"2008-07-02"	"17:45:00"	0,213	0,211	0,236	
"2008-07-02"	"17:55:00"	0,226	0,216	0,221	
"2008-07-02"	"18:05:00"	0,224	0,216	0,21	
"2008-07-02"	"18:15:00"	0,2	0,202	0,195	
"2008-07-02"	"18:25:00"	0,184	0,175	0,188	
"2008-07-02"	"18:35:00"	0,17	0,166	0,154	
"2008-07-02"	"18:45:00"	0,234	0,24	0,226	
"2008-07-02"	"18:55:00"	0,228	0,227	0,234	
"2008-07-02"	"19:05:00"	0,234	0,248	0,315	
"2008-07-02"	"19:15:00"	0,182	0,172	0,175	
"2008-07-02"	"19:25:00"	0,199	0,191	0,191	
"2008-07-02"	"19:35:00"	0,196	0,202	0,178	
"2008-07-02"	"19:45:00"	0,183	0,18	0,172	
"2008-07-02"	"19:55:00"	0,27	0,276	0,245	
"2008-07-02"	"20:05:00"	0,189	0,196	0,18	
"2008-07-02"	"20:15:00"	0,273	0,276	0,262	
"2008-07-02"	"20:25:00"	0,186	0,185	0,179	
"2008-07-02"	"20:35:00"	0,261	0,254	0,232	
"2008-07-02"	"20:45:00"	0,163	0,153	0,144	
"2008-07-02"	"20:55:00"	0,197	0,201	0,173	
"2008-07-02"	"21:05:00"	0,257	0,258	0,234	
"2008-07-02"	"21:15:00"	0,286	0,292	0,272	
"2008-07-02"	"21:25:00"	0,358	0,351	0,356	
"2008-07-02"	"21:35:00"	0,381	0,372	0,388	
"2008-07-02"	"21:45:00"	0,645	0,473	0,451	
"2008-07-02"	"21:55:00"	0,483	0,393	0,366	
"2008-07-02"	"22:05:00"	0,517	0,322	0,309	
"2008-07-02"	"22:15:00"	0,637	0,5	0,544	
"2008-07-02"	"22:25:00"	0,516	0,479	0,415	
"2008-07-02"	"22:35:00"	0,526	0,498	0,488	
"2008-07-02"	"22:45:00"	0,441	0,368	0,361	
"2008-07-02"	"22:55:00"	0,344	0,292	0,33	
"2008-07-02"	"23:05:00"	0,184	0,175	0,176	
"2008-07-02"	"23:15:00"	0,49	0,435	0,41	
"2008-07-02"	"23:25:00"	0,451	0,356	0,389	
"2008-07-02"	"23:35:00"	0,523	0,469	0,481	
"2008-07-02"	"23:45:00"	0,556	0,573	0,484	
"2008-07-02"	"23:55:00"	0,476	0,446	0,46	
"2008-07-03"	"00:05:00"	0,429	0,336	0,37	
"2008-07-03"	"00:15:00"	0,356	0,332	0,343	
"2008-07-03"	"00:25:00"	0,453	0,388	0,39	
"2008-07-03"	"00:35:00"	0,341	0,29	0,304	
"2008-07-03"	"00:45:00"	0,282	0,302	0,264	
"2008-07-03"	"00:55:00"	0,548	0,521	0,509	
"2008-07-03"	"01:05:00"	0,583	0,544	0,55	
"2008-07-03"	"01:15:00"	0,528	0,534	0,485	
"2008-07-03"	"01:25:00"	0,371	0,434	0,359	
"2008-07-03"	"01:35:00"	0,357	0,272	0,32	
"2008-07-03"	"01:45:00"	0,384	0,389	0,305	
"2008-07-03"	"01:55:00"	0,432	0,356	0,37	
"2008-07-03"	"02:05:00"	0,353	0,325	0,314	
"2008-07-03"	"02:15:00"	0,688	0,615	0,646	
"2008-07-03"	"02:25:00"	0,492	0,432	0,371	
"2008-07-03"	"02:35:00"	0,436	0,401	0,398	
"2008-07-03"	"02:45:00"	0,38	0,304	0,294	
"2008-07-03"	"02:55:00"	0,423	0,307	0,338	
"2008-07-03"	"03:05:00"	0,438	0,449	0,37	
"2008-07-03"	"03:15:00"	0,51	0,424	0,372	
"2008-07-03"	"03:25:00"	0,492	0,421	0,407	
"2008-07-03"	"03:35:00"	0,49	0,476	0,474	
"2008-07-03"	"03:45:00"	0,475	0,438	0,393	
"2008-07-03"	"03:55:00"	0,409	0,363	0,362	
"2008-07-03"	"04:05:00"	0,366	0,336	0,366	
"2008-07-03"	"04:15:00"	0,528	0,466	0,42	
"2008-07-03"	"04:25:00"	0,496	0,583	0,44	
"2008-07-03"	"04:35:00"	0,4	0,383	0,317	
"2008-07-03"	"04:45:00"	0,598	0,478	0,537	
"2008-07-03"	"04:55:00"	0,45	0,408	0,39	
"2008-07-03"	"05:05:00"	0,364	0,288	0,33	
"2008-07-03"	"05:15:00"	0,446	0,453	0,411	
"2008-07-03"	"05:25:00"	0,546	0,498	0,514	
"2008-07-03"	"05:35:00"	0,24	0,262	0,217	
"2008-07-03"	"05:45:00"	0,23	0,237	0,235	
"2008-07-03"	"05:55:00"	0,209	0,218	0,216	
"2008-07-03"	"06:05:00"	0,239	0,239	0,221	
"2008-07-03"	"06:15:00"	0,572	0,424	0,465	
"2008-07-03"	"06:25:00"	0,429	0,464	0,429	
"2008-07-03"	"06:35:00"	0,609	0,532	0,554	
"2008-07-03"	"06:45:00"	0,516	0,458	0,48	
"2008-07-03"	"06:55:00"	0,317	0,247	0,259	
"2008-07-03"	"07:05:00"	0,271	0,242	0,307	
"2008-07-03"	"07:15:00"	0,279	0,261	0,238	
"2008-07-03"	"07:25:00"	0,168	0,165	0,159	
"2008-07-03"	"07:35:00"	0,205	0,21	0,2	
"2008-07-03"	"07:45:00"	0,211	0,207	0,229	
"2008-07-03"	"07:55:00"	0,509	0,505	0,423	
"2008-07-03"	"08:05:00"	0,475	0,466	0,426	
"2008-07-03"	"08:15:00"	0,485	0,456	0,426	
"2008-07-03"	"08:25:00"	0,334	0,261	0,283	
"2008-07-03"	"08:35:00"	0,576	0,475	0,516	
"2008-07-03"	"08:45:00"	0,575	0,513	0,512	
"2008-07-03"	"08:55:00"	0,491	0,42	0,46	
"2008-07-03"	"09:05:00"	0,365	0,291	0,34	
"2008-07-03"	"09:15:00"	0,44	0,293	0,293	
"2008-07-03"	"09:25:00"	1,096	1,197	1,23	
"2008-07-03"	"09:35:00"	0,426	0,372	0,362	
"2008-07-03"	"09:45:00"	1,502	1,485	1,422	
"2008-07-03"	"09:55:00"	0,492	0,468	0,453	
"2008-07-03"	"10:05:00"	0,396	0,333	0,339	
"2008-07-03"	"10:15:00"	0,575	0,558	0,557	
"2008-07-03"	"10:25:00"	0,396	0,395	0,315	
"2008-07-03"	"10:35:00"	0,447	0,391	0,358	
"2008-07-03"	"10:45:00"	0,552	0,468	0,517	
"2008-07-03"	"10:55:00"	0,53	0,462	0,521	
"2008-07-03"	"11:05:00"	0,456	0,401	0,412	
"2008-07-03"	"11:15:00"	0,403	0,351	0,35	
"2008-07-03"	"11:25:00"	1,147	1,052	1,164	
"2008-07-03"	"11:35:00"	0,604	0,465	0,457	
"2008-07-03"	"11:45:00"	0,444	0,422	0,386	
"2008-07-03"	"11:55:00"	0,496	0,495	0,497	
"2008-07-03"	"12:05:00"	0,445	0,437	0,433	
"2008-07-03"	"12:15:00"	0,396	0,343	0,365	
"2008-07-03"	"12:25:00"	0,407	0,345	0,356	
"2008-07-03"	"12:35:00"	0,457	0,407	0,364	
"2008-07-03"	"12:45:00"	0,646	0,404	0,418	
"2008-07-03"	"12:55:00"	0,481	0,473	0,456	
"2008-07-03"	"13:05:00"	0,4	0,41	0,399	
"2008-07-03"	"13:15:00"	0,692	0,481	0,584	
"2008-07-03"	"13:25:00"	0,439	0,4	0,397	
"2008-07-03"	"13:35:00"	0,448	0,393	0,4	
"2008-07-03"	"13:45:00"	0,352	0,339	0,314	
"2008-07-03"	"13:55:00"	0,5	0,393	0,435	
"2008-07-03"	"14:05:00"	0,494	0,453	0,428	
"2008-07-03"	"14:15:00"	0,515	0,488	0,569	
"2008-07-03"	"14:25:00"	0,527	0,554	0,534	
"2008-07-03"	"14:35:00"	0,319	0,345	0,298	
"2008-07-03"	"14:45:00"	0,362	0,34	0,345	
"2008-07-03"	"14:55:00"	0,3	0,268	0,291	
"2008-07-03"	"15:05:00"	0,397	0,414	0,354	
"2008-07-03"	"15:15:00"	0,385	0,392	0,387	
"2008-07-03"	"15:25:00"	0,444	0,463	0,401	
"2008-07-03"	"15:35:00"	0,568	0,522	0,529	
"2008-07-03"	"15:45:00"	0,406	0,372	0,339	
"2008-07-03"	"15:55:00"	0,435	0,361	0,395	
"2008-07-03"	"16:05:00"	0,407	0,427	0,658	
"2008-07-03"	"16:15:00"	0,453	0,455	0,463	
"2008-07-03"	"16:25:00"	0,502	0,509	0,53	
"2008-07-03"	"16:35:00"	0,486	0,44	0,44	
"2008-07-03"	"16:45:00"	0,577	0,575	0,545	
"2008-07-03"	"16:55:00"	0,526	0,483	0,486	
"2008-07-03"	"17:05:00"	0,311	0,332	0,344	
"2008-07-03"	"17:15:00"	0,366	0,361	0,333	
"2008-07-03"	"17:25:00"	0,61	0,3	0,348	
"2008-07-03"	"17:35:00"	0,403	0,313	0,295	
"2008-07-03"	"17:45:00"	0,552	0,46	0,459	
"2008-07-03"	"17:55:00"	0,509	0,473	0,41	
"2008-07-03"	"18:05:00"	0,434	0,431	0,432	
"2008-07-03"	"18:15:00"	0,325	0,299	0,365	
"2008-07-03"	"18:25:00"	0,202	0,167	0,17	
"2008-07-03"	"18:35:00"	0,544	3,103	4,028	
"2008-07-03"	"18:45:00"	0,259	0,25	0,249	
"2008-07-03"	"18:55:00"	0,219	0,207	0,21	
"2008-07-03"	"19:05:00"	0,19	0,166	0,165	
"2008-07-03"	"19:15:00"	0,322	0,299	0,206	
"2008-07-03"	"19:25:00"	0,19	0,168	0,173	
"2008-07-03"	"19:35:00"	0,202	0,159	0,176	
"2008-07-03"	"19:45:00"	0,268	0,239	0,251	
"2008-07-03"	"19:55:00"	0,186	0,163	0,19	
"2008-07-03"	"20:05:00"	0,175	0,156	0,158	
"2008-07-03"	"20:15:00"	0,193	0,182	0,187	
"2008-07-03"	"20:25:00"	0,244	0,21	0,226	
"2008-07-03"	"20:35:00"	0,175	0,168	0,144	
"2008-07-03"	"20:45:00"	0,191	0,165	0,147	
"2008-07-03"	"20:55:00"	0,305	0,306	0,289	
"2008-07-03"	"21:05:00"	0,228	0,245	0,237	
"2008-07-03"	"21:15:00"	0,209	0,209	0,185	
"2008-07-03"	"21:25:00"	0,221	0,221	0,203	
"2008-07-03"	"21:35:00"	0,207	0,194	0,178	
"2008-07-03"	"21:45:00"	0,336	0,237	0,271	
"2008-07-03"	"21:55:00"	0,261	0,264	0,247	
"2008-07-03"	"22:05:00"	0,194	0,186	0,189	
"2008-07-03"	"22:15:00"	0,204	0,206	0,198	
"2008-07-03"	"22:25:00"	0,287	0,263	0,231	
"2008-07-03"	"22:35:00"	0,211	0,214	0,202	
"2008-07-03"	"22:45:00"	0,195	0,205	0,188	
"2008-07-03"	"22:55:00"	0,218	0,223	0,184	
"2008-07-03"	"23:05:00"	0,223	0,207	0,203	
"2008-07-03"	"23:15:00"	0,311	0,322	0,303	
"2008-07-03"	"23:25:00"	0,191	0,188	0,177	
"2008-07-03"	"23:35:00"	0,188	0,182	0,177	
"2008-07-03"	"23:45:00"	0,209	0,209	0,194	
"2008-07-03"	"23:55:00"	0,211	0,221	0,202	
"2008-07-04"	"00:05:00"	0,238	0,241	0,224	
"2008-07-04"	"00:15:00"	0,183	0,175	0,167	
"2008-07-04"	"00:25:00"	0,276	0,285	0,274	
"2008-07-04"	"00:35:00"	0,272	0,288	0,272	
"2008-07-04"	"00:45:00"	0,227	0,229	0,22	
"2008-07-04"	"00:55:00"	0,258	0,28	0,256	
"2008-07-04"	"01:05:00"	0,199	0,192	0,183	
"2008-07-04"	"01:15:00"	0,305	0,295	0,297	
"2008-07-04"	"01:25:00"	0,255	0,263	0,25	
"2008-07-04"	"01:35:00"	0,223	0,228	0,22	
"2008-07-04"	"01:45:00"	0,299	0,332	0,292	
"2008-07-04"	"01:55:00"	0,227	0,226	0,214	
"2008-07-04"	"02:05:00"	0,212	0,228	0,211	
"2008-07-04"	"02:15:00"	0,509	0,325	0,564	
"2008-07-04"	"02:25:00"	0,238	0,247	0,234	
"2008-07-04"	"02:35:00"	0,168	0,159	0,156	
"2008-07-04"	"02:45:00"	0,558	0,418	0,459	
"2008-07-04"	"02:55:00"	0,63	0,461	0,513	
"2008-07-04"	"03:05:00"	0,601	0,537	0,611	
"2008-07-04"	"03:15:00"	0,707	0,64	0,707	
"2008-07-04"	"03:25:00"	0,527	0,455	0,481	
"2008-07-04"	"03:35:00"	0,448	0,45	0,445	
"2008-07-04"	"03:45:00"	0,446	0,391	0,458	
"2008-07-04"	"03:55:00"	0,389	0,334	0,376	
"2008-07-04"	"04:05:00"	0,364	0,338	0,327	
"2008-07-04"	"04:15:00"	0,487	0,435	0,386	
"2008-07-04"	"04:25:00"	0,428	0,372	0,321	
"2008-07-04"	"04:35:00"	0,511	0,384	0,42	
"2008-07-04"	"04:45:00"	0,659	0,515	0,578	
"2008-07-04"	"04:55:00"	0,46	0,413	0,479	
"2008-07-04"	"05:05:00"	0,345	0,288	0,309	
"2008-07-04"	"05:15:00"	0,334	0,288	0,33	
"2008-07-04"	"05:25:00"	0,405	0,357	0,436	
"2008-07-04"	"05:35:00"	0,457	0,382	0,4	
"2008-07-04"	"05:45:00"	0,437	0,351	0,33	
"2008-07-04"	"05:55:00"	0,687	0,625	0,739	
"2008-07-04"	"06:05:00"	0,505	0,45	0,445	
"2008-07-04"	"06:15:00"	0,443	0,428	0,433	
"2008-07-04"	"06:25:00"	0,404	0,333	0,342	
"2008-07-04"	"06:35:00"	0,465	0,404	0,403	
"2008-07-04"	"06:45:00"	0,34	0,324	0,31	
"2008-07-04"	"06:55:00"	0,458	0,395	0,391	
"2008-07-04"	"07:05:00"	0,481	0,428	0,418	
"2008-07-04"	"07:15:00"	0,482	0,425	0,398	
"2008-07-04"	"07:25:00"	0,599	0,545	0,641	
"2008-07-04"	"07:35:00"	0,48	0,361	0,312	
"2008-07-04"	"07:45:00"	0,302	0,274	0,33	
"2008-07-04"	"07:55:00"	0,239	0,225	0,245	
"2008-07-04"	"08:05:00"	0,18	0,168	0,256	
"2008-07-04"	"08:15:00"	0,329	0,325	0,303	
"2008-07-04"	"08:25:00"	0,239	0,228	0,214	
"2008-07-04"	"08:35:00"	0,489	0,419	0,378	
"2008-07-04"	"08:45:00"	0,489	0,54	0,375	
"2008-07-04"	"08:55:00"	0,511	0,427	0,366	
"2008-07-04"	"09:05:00"	0,567	0,448	0,518	
"2008-07-04"	"09:15:00"	0,642	0,441	0,555	
"2008-07-04"	"09:25:00"	0,414	0,439	0,433	
"2008-07-04"	"09:35:00"	0,317	0,253	0,297	
"2008-07-04"	"09:45:00"	0,509	0,486	0,484	
"2008-07-04"	"09:55:00"	0,467	0,481	0,444	
"2008-07-04"	"10:05:00"	0,422	0,37	0,376	
"2008-07-04"	"10:15:00"	0,47	0,444	0,438	
"2008-07-04"	"10:25:00"	0,613	0,521	0,543	
"2008-07-04"	"10:35:00"	0,432	0,421	0,443	
"2008-07-04"	"10:45:00"	0,415	0,417	0,399	
"2008-07-04"	"10:55:00"	0,42	0,376	0,373	
"2008-07-04"	"11:05:00"	0,391	0,29	0,353	
"2008-07-04"	"11:15:00"	0,395	0,391	0,379	
"2008-07-04"	"11:25:00"	0,491	0,464	0,472	
"2008-07-04"	"11:35:00"	2,428	2,658	2,486	
"2008-07-04"	"11:45:00"	2,541	2,464	2,421	
"2008-07-04"	"11:55:00"	0,423	0,404	0,441	
"2008-07-04"	"12:05:00"	0,368	0,385	0,368	
"2008-07-04"	"12:15:00"	0,818	0,808	0,735	
"2008-07-04"	"12:25:00"	0,464	0,435	0,438	
"2008-07-04"	"12:35:00"	0,53	0,535	0,527	
"2008-07-04"	"12:45:00"	0,538	0,451	0,504	
"2008-07-04"	"12:55:00"	0,612	0,495	0,491	
"2008-07-04"	"13:05:00"	0,597	0,483	0,53	
"2008-07-04"	"13:15:00"	0,709	0,607	0,631	
"2008-07-04"	"13:25:00"	0,561	0,525	0,493	
"2008-07-04"	"13:35:00"	0,404	0,373	0,351	




